20  38  19
38  20  21
1  17  0
33  51  50
51  33  52
1  0  41
49  31  50
31  49  3
2  1  30
57  8  58
8  57  56
3  2  31
58  8  7
4  3  49
5  4  48
2  30  31
6  5  59
33  30  34
30  33  32
7  6  58
9  8  56
46  44  45
44  46  47
10  9  55
35  30  29
30  35  34
11  10  54
41  0  36
12  11  54
41  30  1
30  41  29
13  12  54
38  40  41
40  38  39
14  13  54
21  27  38
27  21  22
15  14  45
37  19  38
19  37  18
16  15  26
45  14  54
37  17  18
17  37  36
0  17  36
22  21  20
23  43  22
43  23  24
22  43  42
22  42  27
22  20  23
35  29  42
25  16  26
24  25  44
26  15  45
25  26  45
27  42  28
29  41  40
27  28  39
30  32  31
28  29  39
29  28  42
50  32  33
32  50  31
67  51  62
51  67  61
48  4  49
63  53  65
53  63  52
54  35  46
35  54  64
10  55  54
33  34  52
45  54  46
34  35  53
44  47  43
38  41  37
36  37  41
27  39  38
39  29  40
35  42  47
44  25  45
42  43  47
43  24  44
46  35  47
5  48  59
6  59  58
48  49  60
67  62  66
49  50  61
63  51  52
51  63  62
50  51  61
52  34  53
65  53  55
54  55  64
53  35  64
55  53  64
55  9  56
55  56  65
67  60  61
60  67  59
56  57  66
61  60  49
57  58  66
59  48  60
58  59  67
56  66  65
65  66  63
62  63  66
66  58  67